# relative_time, cycles_done, cur_item, corpus_count, pending_total, pending_favs, map_size, saved_crashes, saved_hangs, max_depth, execs_per_sec, total_execs, edges_found, total_crashes, servers_count
60, 122, 2, 9, 0, 0, 60.87%, 1, 0, 3, 2283.60, 136588, 14, 9, 0
65, 132, 3, 9, 0, 0, 60.87%, 1, 0, 3, 2122.72, 147182, 14, 10, 0
70, 141, 5, 9, 0, 0, 60.87%, 1, 0, 3, 2129.54, 157882, 14, 11, 0
75, 152, 6, 9, 0, 0, 60.87%, 1, 0, 3, 2281.60, 169443, 14, 12, 0
80, 163, 7, 9, 0, 0, 60.87%, 1, 0, 3, 2302.67, 181243, 14, 13, 0
86, 173, 8, 9, 0, 0, 60.87%, 1, 0, 3, 2332.23, 193090, 14, 14, 0
91, 184, 7, 9, 0, 0, 60.87%, 1, 0, 3, 2290.30, 204743, 14, 14, 0
96, 195, 7, 9, 0, 0, 60.87%, 1, 0, 3, 2328.88, 216644, 14, 15, 0
100, 204, 6, 9, 0, 0, 60.87%, 1, 0, 3, 2299.34, 226247, 14, 15, 0
